6476862483
1921359032
5410538543
1314550085
2128132096
332286435
1050295247
6276427947
943369633
520240924
237150592
5708366330
5260065684
1774720428
6311347915
1779980597
6327548363
6964612893
2037100771
1077599542
1174442480
5621323689
6300459907
5895128667
563378983
133401459
64630002
6790794860
6493163896
6243634134
6276548893
1055704235
1444480750
530915236
435540763
6372302153
1443341883
5782540638
6538872983
5622927108
5768298069
6748029464
1285685898
5713663621
1569659987
947231181
1213658765
2044962758
448739170
6698629592
1398647882
1338748262
5099230153
6340430396
1986600110
850378484
5259069632
5081986524
1047138229
1973491475
1288523113
6914126088
1374769671
1434614362
5284863639
542146562
5046226136
6178074147
1554830043
6032640842
6548432231
5978251829
1880601825
5713878936
5030929256
5991012871
1333735114
6398627870
1325067991
